5053	0.9795	0.2588	1.343	0.9176	155.9	241.8	60.49	211.6	4069	0.6464	0	1011	9045
4413	0.9829	0.3873	1.194	0.8648	157.2	244.1	55.88	215	2646	0.6455	0.03027	824.9	1.01
3119	0.972	0.5938	1.409	1.155	151.6	221.3	54.19	218.8	1632	0.6861	0.2531	4923	1.01
3419	0.9572	0.5089	1.179	0.966	160	217.9	64.71	208.1	2188	0.7354	0.1868	3164	8479
3297	0.9654	0.4038	1.269	0.7558	150.1	230.5	66.26	219.6	2066	0.6526	0.1841	2332	9779
2377	0.9546	0.8189	1.389	0.833	150	218.7	56.12	223.6	1252	0.6871	0.2826	5448	1.02
3037	0.9583	0.4572	1.24	1.236	152.6	214.3	61.29	208.3	1907	0.7132	0.2262	4551	8751
3158	0.9832	0.4184	1.25	0.9443	152.4	249.3	66.37	228.8	2285	0.6127	0	355.1	9929
3219	0.9632	0.569	1.458	0.992	149.3	228.7	54.62	221.4	1963	0.6541	0	3471	9578
3017	0.9764	0.5064	1.16	0.9281	166.6	236.5	64.93	214	1730	0.7057	0.07658	1835	8953
3266	0.9846	0.4491	1.346	0.7012	158.8	237	65.64	219.4	2179	0.6713	0	1687	9209
3754	0.9574	0.2378	1.344	0.7662	168.2	230.1	79.86	206	3296	0.732	0.1643	1335	6370
2326	0.9409	0.5914	1.435	1.472	144.1	219.9	60.06	229.7	1651	0.6566	0.4395	2963	8976
3021	0.9633	0.456	1.192	0.9474	151.4	237.8	54.19	226.2	2043	0.6382	0.1485	1315	8868
3281	0.9791	0.6078	1.154	1.087	157.9	232	58.37	211.6	1787	0.682	0	2650	9269
5688	0.9438	0.4364	1.545	1	150.5	223.9	68.41	217.1	2101	0.6739	0.1416	1621	6601
3304	0.9669	0.5719	1.36	0.7332	156.4	220	61.43	209.7	2010	0.712	0.2013	3681	9323
2311	0.9809	0.3616	1.103	0.895	148.5	251.9	58.11	236.1	2072	0.5912	0	37.81	9816
4390	0.9745	0.2777	1.5	0.8406	162.2	250	63.25	221.5	3060	0.6503	0	118.3	8256
2286	0.9695	0.3851	1.269	0.8863	148.4	252.3	56.58	237.3	1964	0.5898	0	30.98	9814
3492	0.9757	0.5298	1.429	0.7832	167.9	246.1	66.53	217.5	1711	0.6836	0	584.8	9357
2401	0.9635	0.3442	1.269	0.9187	170.8	235.8	71.15	212.1	2060	0.7254	0.1992	1565	7263
2654	0.9811	0.4747	1.308	0.8401	170.9	244.2	56.87	211.5	2035	0.7011	0	711.7	8370
2189	0.972	0.3764	1.455	0.5671	167	235.5	67.8	211.9	1654	0.7105	0	2200	9328
4143	0.9655	0.6836	1.304	1.029	136	248.8	52.8	243	1651	0.5485	0.05172	114.2	1.02
3594	0.9311	0.4015	1.385	0.7875	141.4	226.3	57.95	231.1	2420	0.6267	0.2524	3663	9599
1886	0.9647	0.3544	1.375	1.404	134.4	238.7	50.27	239.7	1895	0.5648	0.1849	1718	1.12
2678	0.9767	0.4833	1.269	0.8666	166.3	248.4	58.71	218.3	1939	0.6708	0	381.8	9222
2553	0.9547	0.6555	1.474	1.129	151.7	218.9	56.99	226.6	1390	0.6946	0.3498	2563	8152
3231	0.9779	0.5313	1.6	0.8378	164.4	250.4	62.87	225.8	1637	0.6578	0	246.2	9906
3894	0.973	0.3032	1.367	0.9323	156.2	248.2	63.19	226.9	2951	0.6307	0	108.8	8796
3064	0.9587	0.5977	1.545	1.209	144.5	211.4	56.75	222.2	1759	0.6851	0.2782	3541	7317
2625	0.9802	0.5816	1.375	0.7773	150.4	232.3	59.65	230.7	1795	0.6488	0	2862	8976
2558	0.9602	0.4437	1.455	0.827	140.4	247.7	56.1	240	1851	0.5685	0.09639	354.2	9773
2394	0.9549	0.6939	1.174	0.9793	161	240.7	69.7	228.8	1466	0.6701	0.1342	816.2	9168
2449	0.9611	0.5418	1.292	1.097	161.4	239.7	65.34	230	1710	0.6745	0.1529	752.1	8960
2416	0.9785	0.4775	1.318	0.7871	155.7	250.1	52.87	238.4	1610	0.6239	0	130	9536
1643	0.9786	0.2791	1.28	0.7116	154.9	251.2	59.73	238.7	1765	0.6183	0	61.69	9119
1344	0.9912	0.2732	1.409	0.9436	177.3	246.8	74.58	219.2	1651	0.7195	0	384.6	8152
2255	0.977	0.4862	1.261	1.095	158.6	249.8	55.93	233.3	1589	0.6362	0	123.2	9092
2684	0.9352	0.7423	1.765	1.004	154	232	69.19	235	1364	0.6651	0.08514	2895	9656
1824	0.9822	0.4233	1.154	0.9315	146.4	253.3	53.98	247.5	1729	0.5798	0	12.49	10870
2390	0.9771	0.446	1.25	0.8663	155.1	250.6	54.84	237	1711	0.6205	0	55.4	9346
2597	0.9355	0.5616	1.609	0.7335	148	232.9	68.15	230.9	1975	0.6371	0.2329	1766	9585
2311	0.9698	0.5942	1.364	1.099	157.4	243.6	59.02	234.1	1482	0.6476	0.1162	394.7	9227
2645	0.9639	0.526	1.478	1.21	172.3	244.3	66.16	216.6	1881	0.7065	0.07853	586.6	8844
2288	0.9799	0.4649	1.667	0.8793	180.4	247.7	72.7	216	1437	0.7295	0	465.4	7996
2655	0.9772	0.604	1.208	1.006	166.9	236.1	75.68	220.3	1616	0.708	0	1945	9213
2838	0.9796	0.6396	1.45	0.7263	169.8	236.2	64.36	210	1362	0.7202	0	1386	8350
2574	0.9776	0.4613	1.522	0.7967	153.7	248	48.64	234	1943	0.6215	0	276.9	9321
2900	0.9154	0.2436	1.464	1.234	173.1	221.5	72.09	202.8	2768	0.7825	0.2444	2259	5456
1958	0.9834	0.5276	1.4	1.158	171.3	250.3	76.39	234.5	1301	0.6854	0	228.2	8849
1990	0.9499	0.5877	1.304	0.8367	158.7	238.5	55.3	229.5	1568	0.6668	0.1989	1583	9096
4069	0.9514	0.8434	1.786	0.8195	174.7	241.5	75	219	1186	0.7246	0	1176	7787
2765	0.9715	0.5581	1.526	0.6668	159.9	248.6	68.89	235.3	1500	0.6447	0.08244	156.6	9001
2630	0.9777	0.6847	1.429	1.297	163.3	244.3	71.12	233.4	1515	0.6697	0.1168	341.5	9039
1801	0.9641	0.2471	1.214	0.8826	164.2	246.2	66.15	227.2	2292	0.6683	0.07572	361.6	6886
1883	0.9812	0.5736	1.174	0.9964	172	238.9	80.32	219.4	1476	0.7212	0	1431	9138
1998	0.9358	0.8693	1.786	0.7702	161.7	226.2	71.66	225.9	1030	0.7163	0.4399	2505	8536
2974	0.9634	0.3233	1.2	0.869	167.8	252.2	59.01	222.9	2456	0.6667	0	102.4	8519
4223	0.9565	0.9443	1.556	0.8464	178.8	218.5	75.62	209.9	1243	0.8194	0	2461	5770
2041	0.9869	0.6617	1.625	0.7761	171.4	241.2	69.77	225.1	1025	0.7117	0	896.5	7668
2091	0.9808	0.6894	1.471	0.8784	164.7	250.7	64.65	241.7	1173	0.6581	0	93.32	9014
1128	0.9666	0.4875	1.474	0.7314	150.2	232	58.31	241.2	1282	0.649	0.2591	4000	10740
1829	0.9351	0.9444	1.294	1.208	159.3	230.5	76.4	237.1	970.9	0.6924	0.2226	1708	7960
2446	0.9615	0.5918	1.833	1.005	181.5	237.5	76.34	211	1511	0.7652	0	1524	7388
1963	0.9723	0.6276	1.813	0.8264	174.6	251.1	61.36	228.6	1169	0.6965	0	176.6	8061
1583	0.9814	0.3321	1.28	0.8366	172.4	248.3	57.95	232.7	1766	0.6956	0	207.5	7346
2160	0.9747	0.6866	1.867	1.327	173	245.8	69.46	222.4	1084	0.7052	0	551.9	8295
1687	0.9735	0.2683	1.222	0.983	169.9	250.7	60.61	226.2	1929	0.6789	0	135	6742
2185	0.9378	0.3568	1.48	1.074	176.7	235.2	66.36	211.9	2051	0.7526	0.2172	1659	5929
2140	0.9622	0.4199	1.429	1.307	178.6	234.7	75.29	218.6	1548	0.7618	0.07952	988.2	5545
1636	0.9867	0.659	1.667	0.6869	168.3	251.4	56.49	239.2	1278	0.671	0	32.36	8479
924	0.9585	0.6378	1.5	1.079	161	230.7	60.93	240.7	1109	0.6989	0.2772	4167	9351
1231	0.9739	0.4625	1.368	1.076	187.5	246.7	81.45	231.4	1235	0.7611	0	306.7	6246
2436	0.9748	0.584	2.154	0.8748	179.3	246.7	68.91	233.5	1054	0.7277	0	321.6	6887
1267	0.9769	0.5068	1.529	1.066	193.1	246.4	79.24	226.1	1190	0.7846	0	915	6262
1120	0.9894	0.6835	1.4	0.7901	180.8	253	68.89	247	821.5	0.7158	0	13.35	7620
1996	0.9804	0.3425	1.417	1.059	184.5	243.8	58.75	212	1948	0.7578	0.01549	269.8	5188
1675	0.9378	0.7583	1.5	1.091	159.8	234.8	71.37	237.9	958.1	0.6821	0.2556	2464	9515
1810	0.971	0.6538	1.813	1.155	178.4	252.1	64.46	228	1103	0.7089	0	68.42	8009
1097	0.9539	0.4253	1.611	1.03	185.4	227.1	81.03	214.9	1252	0.817	0.3	2346	4933
1340	0.9824	0.476	1.421	0.9803	203	250.7	73.09	214.8	1300	0.8104	0	224	5265
1493	0.9534	0.8772	1.467	0.7345	167.6	244.8	58.57	242	873.4	0.6859	0.09787	498.5	8237
972	0.973	0.7431	1.353	0.7155	174.8	237.8	77.41	240	886.3	0.7365	0.2232	946.8	7117
1255	0.9797	0.8209	1.333	0.8113	179.3	246.9	76.78	246.7	774.4	0.7271	0.0665	130.1	6659
1355	0.9869	0.4298	1.273	1.013	192.6	253.7	63.87	223.6	1380	0.7601	0	10.48	5748
1010	0.9768	0.6161	1.4	1.015	187.6	244.9	93.7	237.9	877.6	0.767	0.1838	474	6415
1035	0.9655	0.3885	1.667	1.34	179.7	246.2	73.82	237.4	1067	0.7309	0.1345	296.5	5935
978	0.9879	0.4678	1.667	0.6633	201.3	252.8	75.04	221.5	898.4	0.797	0	74.1	5374
2002	0.9795	0.831	2.077	0.6083	195.3	246.8	77.89	216.6	941.6	0.7925	0	558.3	6279
1232	0.9778	0.2087	1.556	0.6403	192.1	229.6	68.88	205.9	1424	0.8372	0	1622	3399
1752	0.9717	0.4637	1.579	0.7259	210.3	213	90.22	189.4	1452	0.9874	0	1743	2824
1367	0.9891	0.4738	1.647	0.5856	208.6	233.8	79.8	215.7	1188	0.8926	0	1058	3517
1592	0.969	0.181	1.304	1.263	196.7	218.3	64.95	194.6	1635	0.9016	0	1059	3025
3752	0.9317	1.039	1.722	0.9597	147.6	229.6	60.11	238.5	1292	0.6446	0.2693	2749	9269
573	0.9812	1.062	1.455	0.7413	210.9	249.5	74.15	241.3	475.3	0.8459	0	189.1	4246
572	0.9948	0.8364	1.286	0.7676	204.5	249.3	78.11	246.6	594.5	0.8209	0	303	4456
2147	0.9421	0.4697	1.591	0.7032	187.7	211.9	77.46	205.3	1850	0.8866	0	2826	4770
3651	0.9495	0.5545	1.385	0.7798	160.1	224.7	72.86	212.6	2282	0.7136	0	3955	9362
