ID, X, Y,Z,first_z, last_z, VOL, INTENSITY, TEXTURE, CONVEXITY, SHAPE, ECCENTRICITY, BENDING_ENERGY, RADIUS_VAR, INSIDE_GRAD, BORDER_GRAD, PERI, SHARE_BORDER, ORIENTATION, INT_RATIO, DEPTH, POLARS, STDV, SKEW, ENERGY, ENTROPY, MIN_CURV, MED_CURV, PCNT_CONCAVITY
 1, 207, 58, 88, 82, 97, 732.00, 62.00, 38.74, 0.00, 0.70, 0.00, 0.00, 1.93, 19.00, 29.15, 384.00, 0.00, 0.00, 0.83, 16.00, 2.00, 9.75, 0.33, 6605.00, 0.00, 0.00, 0.00, 0.00
 2, 374, 75, 143, 135, 149, 1642.00, 60.00, 45.85, 1.02, 0.85, 1.30, 1.67, 1.58, 21.67, 26.14, 710.00, 0.00, 0.79, 0.85, 15.00, 1.00, 12.70, 0.44, 26928.00, 0.00, 0.00, 0.00, 0.00
 3, 261, 91, 96, 89, 104, 382.00, 56.00, 36.54, 0.00, 0.67, 0.00, 0.00, 1.98, 16.18, 23.36, 246.00, 0.00, 0.00, 0.89, 16.00, 2.00, 6.10, 0.34, 2061.00, 0.00, 0.00, 0.00, 0.00
 4, 155, 94, 135, 129, 143, 1199.00, 50.00, 35.58, 1.03, 0.86, 1.79, 1.75, 1.70, 13.97, 19.25, 561.00, 0.00, 0.39, 0.93, 15.00, 1.00, 6.67, 0.60, 27972.00, 0.00, 0.00, 0.00, 0.00
 5, 271, 98, 79, 66, 93, 1402.00, 71.00, 47.08, 0.00, 0.90, 0.00, 0.00, 3.34, 26.46, 39.95, 636.00, 0.01, 0.00, 0.79, 28.00, 2.00, 16.41, 0.50, 16944.00, 0.00, 0.00, 0.00, 0.00
 6, 160, 111, 131, 126, 138, 699.00, 54.00, 38.89, 3.65, 0.69, 2.26, 1.45, 1.38, 16.44, 23.27, 367.00, 0.00, 0.98, 0.93, 13.00, 1.00, 7.78, 0.43, 7105.00, 0.00, 0.00, 0.00, 0.00
 7, 134, 128, 111, 102, 121, 923.00, 70.00, 38.76, 0.00, 0.67, 0.00, 0.00, 2.23, 21.41, 40.85, 439.00, 0.00, 0.00, 0.79, 20.00, 2.00, 11.99, 0.32, 9423.00, 0.00, 0.00, 0.00, 0.00
 8, 178, 130, 102, 91, 114, 2919.00, 56.00, 39.01, 1.02, 0.85, 1.87, 1.66, 2.33, 17.42, 21.96, 1036.00, 0.02, 0.98, 0.82, 24.00, 1.00, 8.68, 0.16, 180578.00, 0.00, 0.00, 0.00, 0.00
 9, 183, 131, 86, 80, 93, 720.00, 53.00, 35.70, 4.50, 0.57, 1.11, 1.28, 1.13, 14.87, 18.56, 347.00, 0.07, 1.77, 0.90, 14.00, 1.00, 7.29, 0.27, 8587.00, 0.00, 0.00, 0.00, 0.00
 10, 221, 134, 79, 67, 91, 733.00, 60.00, 44.93, 0.00, 0.92, 0.00, 0.00, 3.42, 21.17, 28.68, 422.00, 0.00, 0.00, 0.85, 25.00, 2.00, 10.78, 0.45, 5260.00, 0.00, 0.00, 0.00, 0.00
 11, 399, 136, 144, 138, 149, 1253.00, 53.00, 39.82, 0.97, 0.75, 1.54, 1.62, 1.57, 16.52, 20.84, 565.00, 0.00, 0.00, 0.91, 12.00, 1.00, 9.00, 0.35, 19668.00, 0.00, 0.00, 0.00, 0.00
 12, 207, 140, 95, 87, 104, 596.00, 73.00, 36.84, 0.00, 0.64, 0.00, 0.00, 2.16, 21.07, 40.84, 326.00, 0.00, 0.00, 0.79, 18.00, 2.00, 10.23, -0.23, 4024.00, 0.00, 0.00, 0.00, 0.00
 13, 152, 180, 85, 80, 91, 402.00, 53.00, 41.63, 0.00, 0.55, 0.00, 0.00, 1.20, 17.49, 22.41, 236.00, 0.13, 0.00, 0.90, 12.00, 2.00, 8.87, 0.42, 1959.00, 0.00, 0.00, 0.00, 0.00
 14, 166, 181, 67, 58, 76, 1831.00, 58.00, 44.38, 0.92, 0.92, 2.22, 1.85, 2.03, 20.27, 28.66, 772.00, 0.08, 0.59, 0.87, 19.00, 1.00, 11.24, 0.60, 50083.00, 0.00, 0.00, 0.00, 0.00
 15, 142, 183, 65, 62, 70, 408.00, 56.00, 38.40, 0.00, 0.49, 0.00, 0.00, 0.67, 17.04, 20.99, 225.00, 0.09, 0.00, 0.92, 9.00, 1.00, 9.55, 0.62, 1766.00, 0.00, 0.00, 0.00, 0.00
 16, 139, 186, 80, 69, 95, 3953.00, 62.00, 44.48, 0.92, 1.22, 2.23, 1.93, 2.93, 21.75, 27.58, 1414.00, 0.03, 0.20, 0.83, 27.00, 1.00, 14.76, 0.36, 189427.00, 0.00, 0.00, 0.00, 0.00
 17, 159, 191, 74, 60, 87, 1945.00, 65.00, 43.34, 1.36, 1.39, 2.91, 1.72, 3.39, 22.12, 32.70, 918.00, 0.06, 1.18, 0.79, 28.00, 1.00, 12.29, 0.40, 40234.00, 0.00, 0.00, 0.00, 0.00
 18, 140, 192, 88, 80, 96, 1350.00, 54.00, 37.88, 1.12, 0.77, 1.40, 1.54, 1.92, 16.21, 19.38, 586.00, 0.17, 2.55, 0.91, 17.00, 1.00, 8.49, 0.41, 30303.00, 0.00, 0.00, 0.00, 0.00
 19, 390, 194, 136, 130, 144, 815.00, 53.00, 35.86, 2.81, 0.68, 1.72, 1.39, 1.52, 14.97, 21.22, 407.00, 0.00, 2.16, 0.89, 15.00, 1.00, 8.51, 0.33, 9750.00, 0.00, 0.00, 0.00, 0.00
 20, 169, 197, 63, 54, 71, 822.00, 70.00, 45.00, 0.00, 0.75, 0.00, 0.00, 1.96, 24.89, 38.59, 423.00, 0.06, 0.00, 0.83, 18.00, 2.00, 15.26, 0.72, 5895.00, 0.00, 0.00, 0.00, 0.00
 21, 134, 205, 76, 56, 95, 3538.00, 64.00, 41.29, 1.10, 1.65, 2.33, 1.46, 5.39, 20.66, 30.85, 1459.00, 0.02, 0.98, 0.80, 40.00, 2.00, 13.07, 0.83, 164001.00, 0.00, 0.00, 0.00, 0.00
 22, 145, 205, 82, 76, 91, 901.00, 69.00, 44.94, 0.00, 0.66, 0.00, 0.00, 1.84, 24.43, 32.58, 435.00, 0.04, 0.00, 0.77, 16.00, 2.00, 14.08, 0.38, 8010.00, 0.00, 0.00, 0.00, 0.00
 23, 144, 206, 71, 67, 75, 426.00, 65.00, 44.85, 0.00, 0.53, 0.00, 0.00, 0.72, 22.86, 25.81, 243.00, 0.14, 0.00, 0.87, 9.00, 1.00, 12.36, 0.55, 1693.00, 0.00, 0.00, 0.00, 0.00
 24, 25, 207, 144, 138, 149, 823.00, 72.00, 39.57, 1.41, 0.49, 1.19, 1.12, 0.95, 22.56, 35.32, 366.00, 0.00, 1.77, 0.83, 12.00, 1.00, 16.02, 0.31, 4389.00, 0.00, 0.00, 0.00, 0.00
 25, 2, 211, 144, 138, 149, 395.00, 60.00, 38.23, 0.00, 0.61, 0.00, 0.00, 1.35, 18.12, 28.19, 242.00, 0.00, 0.00, 0.95, 12.00, 1.00, 9.31, 0.38, 1028.00, 0.00, 0.00, 0.00, 0.00
 26, 369, 212, 138, 134, 144, 406.00, 49.00, 37.52, 0.00, 0.57, 0.00, 0.00, 1.13, 14.65, 22.17, 235.00, 0.00, 0.00, 0.98, 11.00, 1.00, 5.76, 0.10, 2533.00, 0.00, 0.00, 0.00, 0.00
 27, 178, 220, 86, 81, 93, 759.00, 55.00, 39.31, 0.00, 0.59, 0.00, 0.00, 1.13, 17.13, 28.91, 371.00, 0.01, 0.00, 0.91, 13.00, 1.00, 8.65, 0.94, 9526.00, 0.00, 0.00, 0.00, 0.00
 28, 161, 223, 93, 83, 103, 1774.00, 59.00, 47.40, 1.02, 1.18, 2.01, 1.74, 2.85, 22.11, 26.10, 811.00, 0.05, 2.95, 0.81, 21.00, 3.00, 13.31, 0.62, 32322.00, 0.00, 0.00, 0.00, 0.00
 29, 163, 233, 70, 61, 80, 1184.00, 70.00, 43.62, 1.46, 0.83, 1.80, 1.61, 2.22, 24.01, 38.54, 559.00, 0.03, 2.95, 0.79, 20.00, 2.00, 14.56, 0.40, 13261.00, 0.00, 0.00, 0.00, 0.00
 30, 172, 235, 98, 94, 103, 495.00, 66.00, 38.11, 0.00, 0.57, 0.00, 0.00, 0.90, 19.69, 28.45, 275.00, 0.06, 0.00, 0.87, 10.00, 2.00, 11.63, 0.21, 2457.00, 0.00, 0.00, 0.00, 0.00
 31, 171, 235, 86, 78, 96, 1256.00, 80.00, 46.81, 1.07, 0.91, 2.16, 1.76, 2.00, 29.31, 40.67, 600.00, 0.03, 0.39, 0.74, 19.00, 1.00, 20.31, 0.08, 10768.00, 0.00, 0.00, 0.00, 0.00
 32, 311, 240, 79, 56, 103, 4576.00, 71.00, 40.18, 1.17, 1.36, 1.56, 1.08, 6.40, 22.32, 29.88, 1635.00, 0.02, 0.98, 0.72, 48.00, 2.00, 15.05, 0.26, 254130.00, 0.00, 0.00, 0.00, 0.00
 33, 291, 242, 47, 41, 54, 758.00, 55.00, 36.30, 2.67, 0.61, 1.83, 1.18, 1.30, 15.86, 27.18, 365.00, 0.00, 1.96, 0.90, 14.00, 1.00, 7.21, 0.05, 9390.00, 0.00, 0.00, 0.00, 0.00
 34, 321, 245, 112, 104, 121, 839.00, 60.00, 39.84, 0.00, 0.66, 0.00, 0.00, 2.05, 18.75, 24.90, 413.00, 0.11, 0.00, 0.85, 18.00, 2.00, 10.01, 0.59, 9545.00, 0.00, 0.00, 0.00, 0.00
 35, 314, 246, 118, 109, 127, 1039.00, 56.00, 39.46, 0.00, 0.71, 0.00, 0.00, 2.29, 17.32, 23.48, 486.00, 0.07, 0.00, 0.88, 19.00, 2.00, 8.17, 0.45, 18238.00, 0.00, 0.00, 0.00, 0.00
 36, 324, 252, 87, 79, 97, 995.00, 67.00, 40.91, 3.37, 0.70, 1.61, 1.33, 2.07, 21.49, 30.04, 472.00, 0.04, 2.16, 0.80, 19.00, 1.00, 11.61, 0.28, 11692.00, 0.00, 0.00, 0.00, 0.00
 37, 309, 256, 88, 67, 110, 5832.00, 76.00, 43.79, 0.98, 1.54, 1.49, 1.56, 5.34, 26.17, 34.02, 1997.00, 0.06, 0.20, 0.71, 44.00, 2.00, 19.97, 0.37, 328270.00, 0.00, 0.00, 0.00, 0.00
 38, 301, 254, 59, 47, 69, 1274.00, 79.00, 46.38, 18.09, 0.80, 1.23, 1.33, 2.70, 28.89, 37.85, 574.00, 0.05, 0.59, 0.71, 23.00, 2.00, 17.17, 0.05, 13397.00, 0.00, 0.00, 0.00, 0.00
 39, 333, 256, 103, 94, 115, 1428.00, 62.00, 40.11, 1.16, 0.92, 2.14, 1.53, 2.16, 19.64, 28.17, 650.00, 0.02, 2.16, 0.79, 22.00, 1.00, 11.15, 0.35, 24515.00, 0.00, 0.00, 0.00, 0.00
 40, 190, 260, 71, 64, 79, 921.00, 58.00, 38.90, 0.00, 0.66, 0.00, 0.00, 1.67, 17.81, 26.23, 439.00, 0.04, 0.00, 0.85, 16.00, 2.00, 9.38, 0.52, 12750.00, 0.00, 0.00, 0.00, 0.00
 41, 290, 263, 56, 43, 69, 1851.00, 64.00, 41.34, 2.95, 0.91, 1.56, 1.36, 3.44, 20.90, 29.63, 770.00, 0.02, 0.39, 0.79, 27.00, 2.00, 12.97, 0.65, 42165.00, 0.00, 0.00, 0.00, 0.00
 42, 320, 268, 105, 100, 112, 997.00, 57.00, 45.10, 1.06, 0.78, 1.99, 1.65, 1.58, 20.34, 22.14, 482.00, 0.06, 0.79, 0.91, 13.00, 1.00, 10.96, 0.45, 11200.00, 0.00, 0.00, 0.00, 0.00
 43, 193, 270, 79, 68, 91, 1714.00, 61.00, 45.07, 1.51, 0.93, 1.50, 1.01, 2.88, 21.66, 27.40, 747.00, 0.04, 1.96, 0.80, 24.00, 2.00, 13.87, 0.34, 32330.00, 0.00, 0.00, 0.00, 0.00
 44, 319, 271, 100, 98, 103, 376.00, 68.00, 45.68, 1.36, 0.82, 1.42, 1.69, 1.29, 24.47, 26.01, 250.00, 0.13, 0.59, 0.93, 6.00, 1.00, 17.24, 0.12, 577.00, 0.00, 0.00, 0.00, 0.00
 45, 319, 271, 91, 83, 98, 971.00, 77.00, 40.79, 3.20, 0.64, 1.32, 1.10, 1.56, 24.65, 37.29, 442.00, 0.06, 2.95, 0.78, 16.00, 1.00, 14.90, 0.18, 8544.00, 0.00, 0.00, 0.00, 0.00
 46, 338, 272, 109, 101, 117, 820.00, 65.00, 43.29, 0.00, 0.79, 0.00, 0.00, 2.05, 22.28, 35.80, 429.00, 0.00, 0.00, 0.83, 17.00, 1.00, 12.13, 0.76, 7156.00, 0.00, 0.00, 0.00, 0.00
 47, 326, 272, 115, 110, 123, 705.00, 56.00, 35.77, 0.00, 0.61, 0.00, 0.00, 1.33, 15.70, 20.43, 357.00, 0.05, 0.00, 0.87, 14.00, 1.00, 7.72, 0.02, 7756.00, 0.00, 0.00, 0.00, 0.00
 48, 178, 273, 136, 131, 142, 375.00, 52.00, 40.15, 0.00, 0.51, 0.00, 0.00, 1.24, 16.54, 19.11, 222.00, 0.00, 0.00, 0.89, 12.00, 2.00, 8.02, 0.48, 1841.00, 0.00, 0.00, 0.00, 0.00
 49, 224, 276, 8, 0, 19, 1488.00, 66.00, 46.22, 1.14, 0.88, 1.44, 1.15, 2.61, 24.08, 33.65, 652.00, 0.00, 1.77, 0.81, 20.00, 2.00, 14.74, 0.65, 19098.00, 0.00, 0.00, 0.00, 0.00
 50, 198, 285, 73, 64, 83, 1116.00, 72.00, 44.50, 0.00, 0.78, 0.00, 0.00, 2.38, 25.28, 38.64, 522.00, 0.04, 0.00, 0.79, 20.00, 2.00, 17.05, 0.51, 10081.00, 0.00, 0.00, 0.00, 0.00
 51, 199, 288, 50, 35, 65, 2063.00, 78.00, 45.77, 3.02, 1.09, 1.59, 1.19, 3.95, 27.96, 41.17, 885.00, 0.02, 0.98, 0.74, 31.00, 2.00, 16.30, 0.32, 40113.00, 0.00, 0.00, 0.00, 0.00
 52, 94, 294, 100, 95, 106, 689.00, 51.00, 35.71, 1.56, 0.56, 1.96, 1.42, 1.13, 14.29, 18.33, 343.00, 0.00, 0.79, 0.91, 12.00, 1.00, 6.34, 0.24, 9258.00, 0.00, 0.00, 0.00, 0.00
 53, 161, 306, 77, 69, 86, 985.00, 69.00, 46.08, 0.00, 0.68, 0.00, 0.00, 1.95, 25.06, 40.25, 465.00, 0.00, 0.00, 0.82, 18.00, 2.00, 14.99, -0.05, 8933.00, 0.00, 0.00, 0.00, 0.00
 54, 184, 347, 48, 40, 60, 1270.00, 76.00, 50.67, 2.34, 0.74, 1.43, 1.39, 2.32, 30.42, 40.25, 559.00, 0.10, 0.59, 0.77, 21.00, 2.00, 16.25, 0.25, 14067.00, 0.00, 0.00, 0.00, 0.00
 55, 183, 353, 37, 28, 48, 1710.00, 70.00, 45.46, 1.32, 0.71, 1.24, 1.03, 1.83, 24.87, 27.50, 666.00, 0.05, 2.55, 0.76, 21.00, 2.00, 16.40, 0.59, 29211.00, 0.00, 0.00, 0.00, 0.00
 56, 263, 359, 17, 6, 27, 1359.00, 72.00, 47.32, 2.60, 0.77, 1.50, 1.14, 2.37, 26.85, 36.09, 592.00, 0.01, 1.96, 0.75, 22.00, 2.00, 16.49, 0.57, 16631.00, 0.00, 0.00, 0.00, 0.00
 57, 269, 371, 20, 10, 29, 1289.00, 67.00, 49.03, 1.74, 0.68, 1.48, 1.48, 2.02, 25.81, 33.33, 548.00, 0.01, 0.00, 0.78, 20.00, 1.00, 15.44, 0.66, 17107.00, 0.00, 0.00, 0.00, 0.00
 58, 185, 378, 35, 27, 45, 947.00, 61.00, 42.67, 0.00, 0.67, 0.00, 0.00, 2.01, 20.59, 32.58, 446.00, 0.00, 0.00, 0.87, 19.00, 2.00, 11.54, 0.44, 10609.00, 0.00, 0.00, 0.00, 0.00
 59, 114, 379, 71, 65, 80, 1345.00, 54.00, 35.97, 1.01, 0.83, 1.72, 1.71, 1.76, 15.19, 20.34, 612.00, 0.00, 2.55, 0.88, 16.00, 1.00, 7.23, 0.13, 35726.00, 0.00, 0.00, 0.00, 0.00
 60, 194, 384, 94, 85, 105, 1051.00, 71.00, 41.38, 0.00, 0.72, 0.00, 0.00, 2.47, 23.11, 42.21, 488.00, 0.00, 0.00, 0.78, 21.00, 2.00, 12.98, 0.28, 11594.00, 0.00, 0.00, 0.00, 0.00
 61, 339, 415, 72, 64, 81, 882.00, 66.00, 39.67, 0.00, 0.68, 0.00, 0.00, 1.92, 20.51, 37.94, 428.00, 0.00, 0.00, 0.87, 18.00, 2.00, 11.87, 0.75, 9339.00, 0.00, 0.00, 0.00, 0.00
 62, 141, 416, 144, 135, 149, 462.00, 106.00, 87.86, 4.30, 0.69, 2.46, 2.01, 2.15, 72.85, 65.40, 287.00, 0.00, 2.75, 0.67, 15.00, 2.00, 41.00, 0.37, 458.00, 0.00, 0.00, 0.00, 0.00
 63, 38, 417, 104, 96, 112, 1223.00, 61.00, 43.51, 1.36, 0.74, 1.44, 1.27, 1.69, 20.80, 26.48, 540.00, 0.00, 1.77, 0.85, 17.00, 1.00, 14.08, 0.53, 15830.00, 0.00, 0.00, 0.00, 0.00
 64, 136, 418, 96, 82, 108, 1595.00, 91.00, 60.12, 2.00, 0.96, 1.48, 1.58, 3.24, 42.76, 51.22, 714.00, 0.05, 2.95, 0.71, 27.00, 2.00, 26.17, 0.27, 14334.00, 0.00, 0.00, 0.00, 0.00
 65, 448, 421, 146, 142, 149, 413.00, 53.00, 31.90, 0.00, 0.36, 0.00, 0.00, 0.61, 13.35, 20.91, 207.00, 0.01, 0.00, 0.96, 8.00, 1.00, 7.25, 0.30, 1526.00, 0.00, 0.00, 0.00, 0.00
 66, 255, 426, 31, 20, 43, 1410.00, 76.00, 54.67, 1.57, 0.81, 1.32, 1.04, 2.55, 34.62, 55.00, 629.00, 0.00, 0.39, 0.79, 24.00, 2.00, 24.89, 1.50, 15864.00, 0.00, 0.00, 0.00, 0.00
 67, 153, 425, 141, 136, 147, 484.00, 50.00, 32.58, 0.00, 0.51, 0.00, 0.00, 1.24, 13.02, 18.45, 260.00, 0.00, 0.00, 0.95, 12.00, 2.00, 6.66, 0.69, 4049.00, 0.00, 0.00, 0.00, 0.00
 68, 136, 426, 90, 85, 97, 951.00, 55.00, 43.43, 1.20, 0.56, 1.52, 1.37, 0.93, 18.85, 25.98, 415.00, 0.12, 0.39, 0.92, 13.00, 1.00, 10.62, 1.38, 14375.00, 0.00, 0.00, 0.00, 0.00
 69, 125, 427, 113, 108, 119, 970.00, 50.00, 37.98, 1.11, 0.70, 1.57, 1.62, 1.32, 14.88, 17.17, 462.00, 0.01, 0.00, 0.91, 12.00, 2.00, 7.43, 0.44, 17839.00, 0.00, 0.00, 0.00, 0.00
 70, 152, 428, 84, 77, 92, 918.00, 60.00, 36.91, 0.00, 0.68, 0.00, 0.00, 1.68, 17.47, 31.24, 438.00, 0.00, 0.00, 0.88, 16.00, 1.00, 9.23, 0.08, 11812.00, 0.00, 0.00, 0.00, 0.00
 71, 28, 429, 107, 101, 114, 666.00, 52.00, 36.42, 0.00, 0.60, 0.00, 0.00, 1.35, 15.02, 23.57, 335.00, 0.01, 0.00, 0.92, 14.00, 1.00, 6.04, 0.18, 8043.00, 0.00, 0.00, 0.00, 0.00
 72, 456, 436, 143, 134, 149, 2314.00, 65.00, 41.26, 0.87, 1.19, 1.50, 1.96, 2.12, 21.24, 30.40, 988.00, 0.04, 0.00, 0.83, 16.00, 1.00, 12.67, 0.57, 52895.00, 0.00, 0.00, 0.00, 0.00
 73, 162, 438, 141, 135, 148, 547.00, 54.00, 36.89, 0.00, 0.64, 0.00, 0.00, 1.50, 15.67, 23.62, 311.00, 0.00, 0.00, 0.89, 14.00, 2.00, 6.57, -0.03, 4970.00, 0.00, 0.00, 0.00, 0.00
 74, 468, 440, 146, 142, 149, 615.00, 54.00, 42.35, 0.98, 0.63, 2.33, 1.92, 1.78, 18.04, 24.26, 328.00, 0.22, 2.16, 0.98, 8.00, 2.00, 8.85, 0.53, 2219.00, 0.00, 0.00, 0.00, 0.00
 75, 144, 445, 144, 137, 149, 456.00, 69.00, 48.71, 0.00, 0.50, 0.00, 0.00, 1.31, 26.35, 32.30, 246.00, 0.00, 0.00, 0.81, 13.00, 1.00, 13.93, 0.78, 1273.00, 0.00, 0.00, 0.00, 0.00
 76, 126, 446, 98, 81, 122, 6619.00, 63.00, 41.74, 0.93, 1.89, 2.67, 1.96, 5.35, 20.87, 26.83, 2334.00, 0.00, 0.20, 0.77, 42.00, 2.00, 13.34, 0.53, 631517.00, 0.00, 0.00, 0.00, 0.00
 77, 178, 457, 80, 73, 88, 876.00, 64.00, 39.12, 0.00, 0.62, 0.00, 0.00, 1.68, 19.56, 31.54, 413.00, 0.00, 0.00, 0.81, 16.00, 2.00, 11.46, 0.31, 8864.00, 0.00, 0.00, 0.00, 0.00
 78, 208, 461, 64, 54, 74, 833.00, 63.00, 39.66, 0.00, 0.85, 0.00, 0.00, 2.33, 19.46, 32.95, 443.00, 0.00, 0.00, 0.87, 21.00, 2.00, 9.02, 0.28, 8363.00, 0.00, 0.00, 0.00, 0.00
 79, 147, 460, 130, 126, 136, 440.00, 51.00, 34.17, 0.00, 0.62, 0.00, 0.00, 1.17, 13.86, 21.87, 257.00, 0.00, 0.00, 0.94, 11.00, 1.00, 5.77, 0.44, 3002.00, 0.00, 0.00, 0.00, 0.00
 80, 181, 465, 122, 112, 134, 923.00, 70.00, 39.70, 0.00, 0.84, 0.00, 0.00, 3.01, 22.00, 40.79, 474.00, 0.02, 0.00, 0.84, 23.00, 2.00, 13.29, 0.21, 7790.00, 0.00, 0.00, 0.00, 0.00
 81, 195, 468, 123, 114, 133, 733.00, 60.00, 38.14, 0.00, 0.78, 0.00, 0.00, 2.32, 17.95, 29.72, 395.00, 0.01, 0.00, 0.86, 20.00, 2.00, 8.32, 0.55, 7100.00, 0.00, 0.00, 0.00, 0.00
 82, 177, 469, 92, 86, 98, 516.00, 61.00, 45.96, 0.00, 0.58, 0.00, 0.00, 1.31, 22.05, 25.86, 284.00, 0.09, 0.00, 0.85, 13.00, 2.00, 10.59, 0.96, 3261.00, 0.00, 0.00, 0.00, 0.00
 83, 142, 471, 144, 138, 149, 463.00, 70.00, 39.53, 0.00, 0.63, 0.00, 0.00, 0.97, 21.85, 40.52, 267.00, 0.00, 0.00, 0.89, 12.00, 2.00, 10.57, -0.18, 1280.00, 0.00, 0.00, 0.00, 0.00
 84, 200, 470, 95, 83, 108, 1441.00, 58.00, 36.49, 0.00, 1.03, 0.00, 0.00, 3.60, 16.54, 26.68, 683.00, 0.01, 0.00, 0.86, 26.00, 2.00, 7.83, 0.28, 34994.00, 0.00, 0.00, 0.00, 0.00
 85, 168, 473, 95, 86, 106, 1371.00, 70.00, 39.87, 1.40, 0.84, 1.94, 1.14, 2.11, 22.00, 34.54, 610.00, 0.04, 1.18, 0.80, 21.00, 1.00, 13.49, 0.47, 20096.00, 0.00, 0.00, 0.00, 0.00
 86, 176, 474, 124, 120, 130, 470.00, 52.00, 44.17, 3.08, 0.58, 1.53, 1.63, 0.98, 17.97, 20.17, 257.00, 0.21, 1.77, 0.94, 11.00, 1.00, 9.94, 0.47, 2150.00, 0.00, 0.00, 0.00, 0.00
 87, 203, 476, 120, 112, 130, 531.00, 69.00, 42.61, 0.00, 0.74, 0.00, 0.00, 2.47, 23.04, 30.46, 313.00, 0.02, 0.00, 0.77, 19.00, 2.00, 9.67, 0.10, 2710.00, 0.00, 0.00, 0.00, 0.00
 88, 183, 476, 127, 111, 143, 2408.00, 64.00, 41.76, 1.81, 1.34, 1.76, 2.66, 4.05, 21.14, 28.61, 1045.00, 0.10, 2.95, 0.84, 33.00, 3.00, 13.97, 0.40, 61192.00, 0.00, 0.00, 0.00, 0.00
 89, 159, 477, 109, 101, 117, 1300.00, 60.00, 38.90, 1.34, 0.92, 2.40, 1.23, 2.10, 18.37, 29.27, 611.00, 0.03, 1.57, 0.86, 17.00, 2.00, 11.30, 0.70, 20956.00, 0.00, 0.00, 0.00, 0.00
 90, 175, 476, 142, 135, 149, 696.00, 67.00, 41.08, 0.00, 0.58, 0.00, 0.00, 1.45, 21.63, 29.48, 350.00, 0.07, 0.00, 0.79, 15.00, 2.00, 10.35, 0.13, 4828.00, 0.00, 0.00, 0.00, 0.00
 91, 156, 478, 139, 134, 145, 509.00, 56.00, 32.76, 0.00, 0.50, 0.00, 0.00, 0.97, 14.56, 23.97, 265.00, 0.01, 0.00, 0.90, 12.00, 1.00, 6.73, 0.13, 4354.00, 0.00, 0.00, 0.00, 0.00
 92, 172, 479, 104, 99, 110, 709.00, 77.00, 43.96, 0.00, 0.57, 0.00, 0.00, 0.89, 26.78, 37.39, 347.00, 0.10, 0.00, 0.81, 12.00, 1.00, 14.72, 0.62, 4564.00, 0.00, 0.00, 0.00, 0.00
 93, 179, 480, 86, 77, 94, 1016.00, 74.00, 38.76, 0.00, 0.69, 0.00, 0.00, 1.87, 22.41, 40.38, 473.00, 0.03, 0.00, 0.78, 18.00, 2.00, 13.78, -0.07, 9837.00, 0.00, 0.00, 0.00, 0.00
 94, 192, 484, 119, 91, 145, 2321.00, 68.00, 41.00, 1.59, 2.64, 2.58, 2.64, 7.21, 21.96, 26.75, 1303.00, 0.02, 2.16, 0.83, 55.00, 3.00, 12.83, 0.45, 46641.00, 0.00, 0.00, 0.00, 0.00
 95, 157, 484, 123, 115, 132, 940.00, 57.00, 38.58, 0.00, 0.63, 0.00, 0.00, 1.85, 17.47, 26.10, 440.00, 0.03, 0.00, 0.87, 18.00, 2.00, 10.89, 0.62, 12725.00, 0.00, 0.00, 0.00, 0.00
 96, 172, 486, 116, 107, 124, 1670.00, 58.00, 43.53, 0.96, 0.99, 2.08, 1.67, 1.93, 19.82, 23.96, 744.00, 0.03, 1.57, 0.89, 18.00, 1.00, 11.05, 0.36, 36926.00, 0.00, 0.00, 0.00, 0.00
 97, 185, 486, 104, 94, 113, 2062.00, 78.00, 45.43, 1.13, 1.01, 1.76, 1.84, 2.53, 27.71, 33.34, 857.00, 0.04, 0.79, 0.75, 20.00, 2.00, 16.97, -0.02, 36669.00, 0.00, 0.00, 0.00, 0.00
 98, 187, 487, 126, 114, 140, 4619.00, 59.00, 42.70, 0.96, 1.32, 1.41, 1.76, 3.42, 19.97, 24.27, 1612.00, 0.06, 1.96, 0.89, 27.00, 2.00, 14.97, 0.35, 267622.00, 0.00, 0.00, 0.00, 0.00
 99, 95, 490, 108, 99, 119, 1007.00, 62.00, 36.90, 0.00, 0.74, 0.00, 0.00, 2.42, 17.95, 27.68, 477.00, 0.00, 0.00, 0.81, 21.00, 2.00, 10.40, 0.23, 12154.00, 0.00, 0.00, 0.00, 0.00
 100, 185, 492, 144, 137, 149, 1565.00, 78.00, 45.41, 0.97, 0.87, 1.74, 2.28, 1.67, 27.67, 34.30, 674.00, 0.10, 0.79, 0.82, 13.00, 2.00, 19.13, 0.52, 14115.00, 0.00, 0.00, 0.00, 0.00
 101, 175, 492, 127, 124, 131, 510.00, 65.00, 38.14, 1.00, 0.61, 1.66, 1.87, 1.17, 19.54, 25.66, 285.00, 0.16, 1.57, 0.89, 8.00, 1.00, 9.46, -0.14, 2821.00, 0.00, 0.00, 0.00, 0.00
 102, 167, 493, 130, 126, 138, 504.00, 75.00, 46.92, 0.00, 0.60, 0.00, 0.00, 1.38, 27.50, 38.14, 284.00, 0.04, 0.00, 0.82, 13.00, 2.00, 14.11, 0.25, 2009.00, 0.00, 0.00, 0.00, 0.00
 103, 176, 496, 105, 98, 113, 904.00, 70.00, 40.10, 1.21, 0.82, 2.49, 1.31, 1.90, 22.07, 33.23, 461.00, 0.10, 1.18, 0.85, 16.00, 2.00, 12.88, 0.00, 7285.00, 0.00, 0.00, 0.00, 0.00
 104, 185, 496, 99, 91, 108, 1091.00, 60.00, 45.61, 1.58, 0.80, 1.73, 1.54, 2.08, 21.67, 26.55, 521.00, 0.11, 1.57, 0.82, 18.00, 2.00, 12.48, 1.08, 14908.00, 0.00, 0.00, 0.00, 0.00
 105, 190, 501, 136, 125, 148, 1876.00, 57.00, 40.96, 1.22, 0.94, 1.36, 1.61, 2.63, 18.29, 25.16, 792.00, 0.07, 0.39, 0.90, 24.00, 2.00, 10.43, 0.15, 51631.00, 0.00, 0.00, 0.00, 0.00
 106, 176, 503, 124, 109, 149, 2370.00, 66.00, 46.12, 1.40, 1.82, 1.35, 2.63, 5.78, 24.04, 33.22, 1151.00, 0.05, 2.16, 0.82, 41.00, 2.00, 13.27, 0.52, 54702.00, 0.00, 0.00, 0.00, 0.00
 107, 95, 511, 137, 123, 149, 1608.00, 66.00, 45.58, 1.61, 0.93, 1.63, 1.36, 3.18, 23.61, 31.17, 721.00, 0.02, 2.75, 0.78, 27.00, 2.00, 16.96, 0.57, 25833.00, 0.00, 0.00, 0.00, 0.00
 108, 367, 515, 114, 110, 120, 443.00, 50.00, 39.02, 0.00, 0.59, 0.00, 0.00, 1.24, 15.46, 18.21, 252.00, 0.00, 0.00, 0.92, 11.00, 2.00, 7.17, 0.87, 2719.00, 0.00, 0.00, 0.00, 0.00
 109, 101, 519, 121, 114, 130, 1017.00, 59.00, 41.86, 1.59, 0.90, 2.89, 1.83, 2.11, 19.43, 30.65, 515.00, 0.03, 2.55, 0.88, 17.00, 1.00, 11.15, 1.24, 12832.00, 0.00, 0.00, 0.00, 0.00
 110, 252, 519, 38, 29, 49, 1301.00, 81.00, 50.74, 3.33, 0.70, 1.33, 0.83, 2.20, 40.84, 56.83, 556.00, 0.03, 2.75, 0.77, 21.00, 2.00, 36.03, 3.16, 13963.00, 0.00, 0.00, 0.00, 0.00
 111, 232, 521, 23, 13, 33, 1354.00, 74.00, 45.45, 1.22, 0.97, 1.65, 1.44, 2.38, 26.42, 41.44, 632.00, 0.00, 1.37, 0.78, 21.00, 2.00, 15.05, 0.37, 15420.00, 0.00, 0.00, 0.00, 0.00
 112, 357, 525, 107, 98, 116, 708.00, 71.00, 50.87, 0.00, 0.61, 0.00, 0.00, 2.13, 28.23, 35.29, 358.00, 0.04, 0.00, 0.77, 19.00, 2.00, 15.25, 0.57, 4343.00, 0.00, 0.00, 0.00, 0.00
 113, 82, 526, 133, 121, 144, 1845.00, 65.00, 40.87, 1.16, 0.69, 1.46, 1.39, 2.32, 20.86, 30.40, 712.00, 0.03, 2.75, 0.77, 24.00, 1.00, 13.16, 0.62, 47932.00, 0.00, 0.00, 0.00, 0.00
 114, 4, 527, 127, 119, 137, 607.00, 61.00, 40.34, 0.00, 0.78, 0.00, 0.00, 2.44, 19.32, 24.40, 350.00, 0.06, 0.00, 0.92, 19.00, 2.00, 10.16, 0.28, 3741.00, 0.00, 0.00, 0.00, 0.00
 115, 253, 530, 40, 33, 49, 1304.00, 61.00, 42.83, 1.21, 0.67, 1.75, 1.31, 1.72, 20.55, 32.98, 553.00, 0.10, 2.36, 0.84, 17.00, 1.00, 12.11, 0.39, 21634.00, 0.00, 0.00, 0.00, 0.00
 116, 366, 531, 106, 100, 114, 754.00, 61.00, 41.35, 0.00, 0.61, 0.00, 0.00, 1.43, 19.98, 30.21, 370.00, 0.05, 0.00, 0.86, 15.00, 1.00, 9.79, 0.78, 8010.00, 0.00, 0.00, 0.00, 0.00
 117, 264, 533, 40, 31, 51, 2710.00, 71.00, 58.97, 0.91, 0.95, 2.04, 1.34, 2.28, 42.24, 51.45, 1003.00, 0.04, 2.16, 0.80, 21.00, 1.00, 32.19, 3.59, 76695.00, 0.00, 0.00, 0.00, 0.00
 118, 7, 534, 135, 131, 140, 398.00, 59.00, 39.36, 0.00, 0.53, 0.00, 0.00, 0.82, 18.47, 23.40, 230.00, 0.17, 0.00, 0.92, 10.00, 1.00, 11.25, 0.20, 1456.00, 0.00, 0.00, 0.00, 0.00
 119, 343, 535, 99, 86, 112, 2809.00, 64.00, 41.74, 1.02, 0.91, 1.54, 1.36, 2.90, 21.16, 28.03, 1023.00, 0.05, 2.16, 0.82, 27.00, 2.00, 13.21, 0.37, 105339.00, 0.00, 0.00, 0.00, 0.00
 120, 380, 535, 115, 107, 123, 1190.00, 55.00, 43.09, 1.11, 0.87, 1.39, 1.99, 1.57, 18.61, 26.87, 558.00, 0.02, 0.20, 0.92, 17.00, 1.00, 10.64, -0.14, 16157.00, 0.00, 0.00, 0.00, 0.00
 121, 75, 538, 127, 119, 136, 1019.00, 58.00, 42.09, 1.78, 0.80, 1.82, 1.24, 1.89, 19.24, 30.17, 502.00, 0.10, 1.77, 0.86, 18.00, 1.00, 10.93, -0.00, 13968.00, 0.00, 0.00, 0.00, 0.00
 122, 351, 538, 115, 109, 122, 976.00, 56.00, 39.57, 1.28, 0.67, 1.80, 1.40, 1.50, 17.64, 20.94, 447.00, 0.07, 0.98, 0.89, 14.00, 1.00, 9.48, 0.46, 12945.00, 0.00, 0.00, 0.00, 0.00
 123, 356, 540, 107, 103, 112, 940.00, 63.00, 44.91, 0.97, 0.73, 1.71, 1.72, 1.08, 22.29, 30.78, 462.00, 0.09, 2.55, 0.93, 10.00, 1.00, 16.40, 1.36, 9760.00, 0.00, 0.00, 0.00, 0.00
 124, 354, 540, 96, 89, 103, 1596.00, 67.00, 45.17, 0.99, 0.63, 1.44, 1.45, 1.23, 23.71, 31.09, 611.00, 0.12, 2.55, 0.84, 15.00, 1.00, 16.04, 0.54, 27468.00, 0.00, 0.00, 0.00, 0.00
 125, 7, 544, 133, 116, 148, 3609.00, 65.00, 45.82, 1.05, 1.20, 1.78, 1.54, 3.84, 23.32, 25.88, 1334.00, 0.01, 0.98, 0.75, 33.00, 2.00, 13.78, 0.31, 165737.00, 0.00, 0.00, 0.00, 0.00
 126, 78, 548, 120, 109, 136, 1646.00, 77.00, 44.42, 2.01, 1.22, 2.41, 2.04, 3.40, 27.02, 34.13, 786.00, 0.04, 1.77, 0.69, 28.00, 2.00, 19.06, 0.31, 18203.00, 0.00, 0.00, 0.00, 0.00
 127, 158, 549, 80, 72, 88, 779.00, 67.00, 56.37, 0.00, 0.68, 0.00, 0.00, 1.82, 29.66, 37.61, 394.00, 0.02, 0.00, 0.81, 17.00, 2.00, 14.87, 0.45, 5235.00, 0.00, 0.00, 0.00, 0.00
 128, 349, 550, 92, 83, 104, 414.00, 134.00, 83.52, 0.00, 0.81, 0.00, 0.00, 3.15, 87.67, 91.09, 273.00, 0.01, 0.00, 0.57, 22.00, 2.00, 43.31, 0.25, 434.00, 0.00, 0.00, 0.00, 0.00
 129, 147, 556, 80, 74, 86, 677.00, 58.00, 38.94, 0.00, 0.57, 0.00, 0.00, 1.18, 17.88, 30.85, 334.00, 0.01, 0.00, 0.92, 13.00, 1.00, 9.57, 0.27, 5469.00, 0.00, 0.00, 0.00, 0.00
 130, 381, 563, 119, 112, 126, 654.00, 53.00, 41.44, 0.00, 0.62, 0.00, 0.00, 1.62, 17.37, 26.08, 337.00, 0.00, 0.00, 0.90, 15.00, 2.00, 7.96, 0.33, 5951.00, 0.00, 0.00, 0.00, 0.00
 131, 366, 564, 120, 112, 127, 585.00, 58.00, 36.65, 0.00, 0.77, 0.00, 0.00, 2.11, 16.82, 27.04, 340.00, 0.08, 0.00, 0.86, 16.00, 2.00, 7.02, 0.03, 4561.00, 0.00, 0.00, 0.00, 0.00
 132, 353, 573, 106, 100, 113, 593.00, 70.00, 36.65, 0.00, 0.70, 0.00, 0.00, 1.52, 20.15, 41.82, 326.00, 0.05, 0.00, 0.89, 14.00, 1.00, 9.66, -0.06, 3645.00, 0.00, 0.00, 0.00, 0.00
 133, 367, 573, 113, 99, 131, 2612.00, 69.00, 38.51, 1.18, 1.16, 1.93, 1.51, 3.97, 20.78, 34.40, 1057.00, 0.03, 0.59, 0.76, 33.00, 2.00, 13.09, 0.07, 80317.00, 0.00, 0.00, 0.00, 0.00
 134, 388, 576, 129, 122, 138, 458.00, 94.00, 49.59, 0.00, 0.76, 0.00, 0.00, 2.33, 36.74, 57.09, 290.00, 0.00, 0.00, 0.76, 17.00, 2.00, 15.82, 0.06, 1186.00, 0.00, 0.00, 0.00, 0.00
 135, 372, 583, 115, 105, 126, 966.00, 81.00, 55.56, 0.00, 0.82, 0.00, 0.00, 2.53, 35.29, 47.21, 483.00, 0.08, 0.00, 0.72, 22.00, 2.00, 17.65, -0.21, 6946.00, 0.00, 0.00, 0.00, 0.00
 136, 401, 587, 131, 125, 138, 1000.00, 52.00, 45.54, 1.30, 0.67, 1.60, 1.84, 1.23, 18.76, 19.07, 458.00, 0.00, 0.20, 0.87, 14.00, 1.00, 8.87, 0.56, 15565.00, 0.00, 0.00, 0.00, 0.00
 137, 15, 592, 117, 107, 130, 1275.00, 64.00, 42.95, 3.15, 0.89, 2.08, 1.69, 2.97, 21.47, 26.17, 602.00, 0.00, 0.20, 0.78, 24.00, 2.00, 12.39, 0.69, 19050.00, 0.00, 0.00, 0.00, 0.00
 138, 188, 597, 50, 40, 61, 1061.00, 75.00, 45.10, 0.00, 0.94, 0.00, 0.00, 2.77, 26.44, 44.23, 537.00, 0.00, 0.00, 0.77, 22.00, 2.00, 14.48, 0.49, 9781.00, 0.00, 0.00, 0.00, 0.00
 139, 442, 602, 134, 130, 140, 481.00, 59.00, 40.25, 0.00, 0.55, 0.00, 0.00, 0.92, 18.64, 25.74, 261.00, 0.17, 0.00, 0.91, 11.00, 1.00, 9.52, 0.17, 2415.00, 0.00, 0.00, 0.00, 0.00
 140, 429, 603, 137, 125, 149, 1697.00, 78.00, 41.64, 3.89, 0.90, 1.44, 1.85, 3.11, 25.37, 34.42, 730.00, 0.10, 0.59, 0.72, 25.00, 2.00, 16.42, 0.13, 24434.00, 0.00, 0.00, 0.00, 0.00
 141, 437, 611, 141, 129, 149, 2754.00, 55.00, 41.69, 0.88, 1.47, 1.48, 4.23, 2.48, 17.98, 24.80, 1195.00, 0.04, 2.55, 0.93, 21.00, 1.00, 9.64, 0.36, 100078.00, 0.00, 0.00, 0.00, 0.00
 142, 220, 633, 35, 21, 50, 3946.00, 80.00, 56.99, 1.00, 0.91, 1.47, 1.24, 2.99, 36.30, 44.62, 1295.00, 0.00, 1.77, 0.70, 30.00, 1.00, 25.90, 0.80, 131979.00, 0.00, 0.00, 0.00, 0.00
 143, 93, 640, 81, 70, 93, 925.00, 83.00, 50.89, 0.00, 0.86, 0.00, 0.00, 2.95, 33.27, 45.41, 482.00, 0.03, 0.00, 0.74, 24.00, 2.00, 19.25, -0.02, 5426.00, 0.00, 0.00, 0.00, 0.00
 144, 102, 640, 85, 80, 91, 617.00, 48.00, 40.39, 8.53, 0.54, 1.33, 1.22, 0.91, 15.39, 22.64, 312.00, 0.10, 0.00, 0.98, 12.00, 1.00, 6.19, 0.29, 8116.00, 0.00, 0.00, 0.00, 0.00
 145, 234, 650, 38, 31, 47, 1180.00, 63.00, 35.90, 1.33, 0.75, 2.07, 1.17, 1.87, 17.83, 29.47, 535.00, 0.00, 1.18, 0.81, 17.00, 1.00, 10.46, 0.32, 18251.00, 0.00, 0.00, 0.00, 0.00
 146, 253, 654, 44, 33, 57, 2611.00, 63.00, 43.27, 1.04, 0.87, 1.39, 1.63, 2.55, 21.68, 27.82, 966.00, 0.02, 0.20, 0.78, 25.00, 2.00, 12.75, 1.17, 100387.00, 0.00, 0.00, 0.00, 0.00
 147, 113, 661, 132, 120, 146, 2661.00, 66.00, 43.13, 1.10, 0.82, 1.20, 1.41, 2.69, 22.26, 30.55, 953.00, 0.00, 0.59, 0.76, 27.00, 2.00, 14.22, 0.46, 91437.00, 0.00, 0.00, 0.00, 0.00
 148, 343, 663, 81, 74, 91, 921.00, 58.00, 39.05, 0.00, 0.64, 0.00, 0.00, 1.82, 17.97, 28.72, 439.00, 0.00, 0.00, 0.86, 18.00, 2.00, 10.00, 0.77, 13013.00, 0.00, 0.00, 0.00, 0.00
 149, 283, 668, 45, 40, 51, 1267.00, 52.00, 44.95, 1.05, 0.69, 1.35, 1.57, 1.07, 18.45, 21.81, 550.00, 0.12, 0.59, 0.92, 12.00, 1.00, 10.17, 0.73, 25097.00, 0.00, 0.00, 0.00, 0.00
 150, 233, 668, 47, 39, 55, 952.00, 70.00, 62.04, 2.01, 0.65, 1.53, 0.92, 1.57, 43.20, 40.68, 442.00, 0.04, 1.37, 0.76, 17.00, 1.00, 34.57, 3.75, 8657.00, 0.00, 0.00, 0.00, 0.00
 151, 268, 671, 35, 21, 51, 6085.00, 72.00, 46.85, 0.95, 0.95, 1.48, 1.93, 2.61, 26.79, 30.90, 1742.00, 0.02, 1.57, 0.70, 31.00, 1.00, 21.78, 0.83, 400025.00, 0.00, 0.00, 0.00, 0.00
 152, 326, 674, 69, 64, 75, 514.00, 64.00, 42.44, 0.00, 0.63, 0.00, 0.00, 1.25, 21.50, 30.57, 293.00, 0.00, 0.00, 0.85, 12.00, 1.00, 11.28, 0.49, 2580.00, 0.00, 0.00, 0.00, 0.00
 153, 242, 673, 38, 31, 44, 882.00, 64.00, 39.77, 1.72, 0.58, 1.38, 1.54, 1.05, 19.90, 22.98, 401.00, 0.04, 2.36, 0.85, 14.00, 1.00, 15.03, 1.08, 8176.00, 0.00, 0.00, 0.00, 0.00
 154, 247, 674, 54, 43, 69, 2090.00, 69.00, 49.14, 1.34, 1.03, 1.54, 1.31, 3.08, 27.08, 35.31, 870.00, 0.02, 2.36, 0.85, 27.00, 2.00, 17.93, 1.20, 42443.00, 0.00, 0.00, 0.00, 0.00
 155, 241, 676, 47, 40, 52, 649.00, 101.00, 47.43, 1.44, 0.67, 1.40, 1.23, 1.74, 37.71, 51.82, 348.00, 0.13, 1.57, 0.79, 13.00, 2.00, 22.65, 0.40, 2373.00, 0.00, 0.00, 0.00, 0.00
 156, 37, 676, 133, 126, 141, 566.00, 60.00, 45.61, 0.00, 0.61, 0.00, 0.00, 1.72, 21.71, 33.01, 306.00, 0.04, 0.00, 0.85, 16.00, 2.00, 9.79, 0.50, 3821.00, 0.00, 0.00, 0.00, 0.00
 157, 184, 676, 34, 26, 42, 785.00, 66.00, 45.84, 0.00, 0.65, 0.00, 0.00, 1.87, 23.76, 38.04, 389.00, 0.00, 0.00, 0.85, 17.00, 2.00, 12.76, 0.08, 5997.00, 0.00, 0.00, 0.00, 0.00
 158, 176, 680, 73, 61, 82, 1747.00, 79.00, 56.06, 1.09, 0.98, 1.83, 1.58, 2.39, 34.83, 38.89, 758.00, 0.05, 1.77, 0.70, 22.00, 2.00, 21.13, 0.66, 22312.00, 0.00, 0.00, 0.00, 0.00
 159, 194, 678, 79, 65, 97, 2663.00, 59.00, 44.89, 1.12, 1.07, 1.27, 1.36, 4.09, 20.94, 30.79, 1043.00, 0.01, 2.16, 0.85, 33.00, 2.00, 11.27, 0.26, 106470.00, 0.00, 0.00, 0.00, 0.00
 160, 177, 681, 88, 79, 97, 1599.00, 62.00, 46.57, 1.05, 0.94, 1.72, 1.57, 2.39, 22.76, 27.13, 718.00, 0.04, 0.39, 0.84, 19.00, 1.00, 14.57, 0.85, 28915.00, 0.00, 0.00, 0.00, 0.00
 161, 36, 685, 133, 127, 142, 820.00, 65.00, 45.19, 1.83, 0.69, 1.64, 1.60, 1.67, 23.07, 26.45, 408.00, 0.04, 0.00, 0.82, 16.00, 2.00, 13.39, 0.30, 6326.00, 0.00, 0.00, 0.00, 0.00
 162, 36, 686, 123, 117, 130, 673.00, 60.00, 42.77, 2.51, 0.68, 1.55, 1.54, 1.56, 20.34, 23.58, 355.00, 0.05, 0.00, 0.86, 14.00, 2.00, 13.38, 0.61, 4047.00, 0.00, 0.00, 0.00, 0.00
 163, 329, 687, 65, 59, 70, 485.00, 63.00, 47.54, 0.00, 0.52, 0.00, 0.00, 1.11, 23.77, 34.45, 260.00, 0.04, 0.00, 0.89, 12.00, 1.00, 11.96, 0.69, 2259.00, 0.00, 0.00, 0.00, 0.00
 164, 264, 688, 34, 28, 41, 934.00, 57.00, 45.16, 1.07, 0.71, 2.15, 1.71, 1.35, 20.19, 31.15, 444.00, 0.00, 0.20, 0.91, 14.00, 1.00, 10.96, 0.96, 10580.00, 0.00, 0.00, 0.00, 0.00
 165, 331, 688, 76, 70, 83, 503.00, 70.00, 52.30, 0.00, 0.61, 0.00, 0.00, 1.51, 28.69, 39.42, 277.00, 0.04, 0.00, 0.82, 14.00, 2.00, 13.98, 0.52, 1872.00, 0.00, 0.00, 0.00, 0.00
 166, 295, 689, 44, 38, 51, 614.00, 51.00, 36.45, 0.00, 0.64, 0.00, 0.00, 1.52, 14.76, 22.07, 325.00, 0.00, 0.00, 0.95, 14.00, 2.00, 6.40, 0.40, 6286.00, 0.00, 0.00, 0.00, 0.00
 167, 343, 690, 85, 72, 98, 2058.00, 67.00, 44.33, 1.11, 1.02, 1.57, 1.29, 3.06, 23.33, 33.17, 863.00, 0.00, 2.75, 0.78, 27.00, 2.00, 13.94, 0.59, 47925.00, 0.00, 0.00, 0.00, 0.00
 168, 153, 693, 93, 86, 102, 635.00, 70.00, 43.61, 0.00, 0.63, 0.00, 0.00, 1.98, 24.09, 37.06, 334.00, 0.00, 0.00, 0.78, 17.00, 2.00, 12.12, 0.50, 4090.00, 0.00, 0.00, 0.00, 0.00
 169, 29, 694, 129, 122, 137, 561.00, 59.00, 36.72, 0.00, 0.68, 0.00, 0.00, 1.90, 17.09, 24.20, 317.00, 0.07, 0.00, 0.94, 16.00, 2.00, 9.54, 0.36, 3474.00, 0.00, 0.00, 0.00, 0.00
 170, 200, 693, 71, 65, 79, 676.00, 55.00, 40.42, 0.00, 0.59, 0.00, 0.00, 1.43, 17.52, 24.89, 343.00, 0.04, 0.00, 0.87, 15.00, 1.00, 9.11, 0.41, 6395.00, 0.00, 0.00, 0.00, 0.00
 171, 159, 693, 59, 53, 66, 845.00, 57.00, 39.50, 5.67, 0.59, 1.54, 1.39, 1.24, 17.68, 27.19, 389.00, 0.05, 2.16, 0.87, 14.00, 1.00, 8.21, 0.83, 11582.00, 0.00, 0.00, 0.00, 0.00
 172, 186, 696, 89, 81, 99, 1069.00, 67.00, 39.59, 1.64, 0.77, 1.57, 1.41, 1.96, 20.73, 28.67, 508.00, 0.06, 0.39, 0.80, 19.00, 1.00, 12.44, 0.24, 12166.00, 0.00, 0.00, 0.00, 0.00
 173, 187, 697, 73, 64, 82, 1567.00, 67.00, 44.93, 1.23, 0.68, 1.22, 1.48, 1.70, 23.68, 30.28, 624.00, 0.04, 0.39, 0.78, 19.00, 1.00, 15.36, 0.56, 25896.00, 0.00, 0.00, 0.00, 0.00
 174, 40, 698, 128, 116, 141, 2099.00, 54.00, 41.63, 1.24, 1.15, 1.81, 1.49, 3.19, 17.84, 23.56, 914.00, 0.02, 1.77, 0.87, 26.00, 2.00, 9.03, -0.00, 73846.00, 0.00, 0.00, 0.00, 0.00
 175, 181, 702, 92, 87, 98, 536.00, 52.00, 37.53, 0.00, 0.54, 0.00, 0.00, 1.14, 15.45, 17.65, 288.00, 0.14, 0.00, 0.90, 12.00, 2.00, 7.09, 0.30, 4710.00, 0.00, 0.00, 0.00, 0.00
 176, 30, 702, 131, 128, 136, 388.00, 48.00, 39.20, 0.00, 0.54, 0.00, 0.00, 0.99, 14.74, 17.57, 227.00, 0.11, 0.00, 0.96, 9.00, 1.00, 6.65, 0.35, 2049.00, 0.00, 0.00, 0.00, 0.00
 177, 174, 704, 73, 64, 83, 1613.00, 61.00, 45.65, 1.16, 0.71, 1.26, 1.71, 1.75, 22.04, 29.83, 653.00, 0.02, 2.75, 0.80, 20.00, 1.00, 12.41, 0.71, 36395.00, 0.00, 0.00, 0.00, 0.00
 178, 298, 706, 53, 48, 60, 575.00, 64.00, 38.34, 0.00, 0.59, 0.00, 0.00, 1.30, 19.36, 32.28, 299.00, 0.00, 0.00, 0.88, 13.00, 2.00, 9.78, 0.07, 3393.00, 0.00, 0.00, 0.00, 0.00
 179, 190, 707, 80, 72, 89, 845.00, 58.00, 38.54, 0.00, 0.64, 0.00, 0.00, 1.90, 17.61, 26.93, 410.00, 0.06, 0.00, 0.87, 18.00, 2.00, 7.95, 0.23, 12039.00, 0.00, 0.00, 0.00, 0.00
 180, 198, 707, 62, 55, 68, 502.00, 54.00, 40.15, 0.00, 0.56, 0.00, 0.00, 1.49, 16.96, 24.49, 269.00, 0.00, 0.00, 0.92, 14.00, 2.00, 9.30, 0.80, 2907.00, 0.00, 0.00, 0.00, 0.00
 181, 152, 706, 64, 58, 75, 1574.00, 58.00, 47.60, 1.15, 0.95, 2.06, 1.65, 2.31, 21.65, 27.30, 714.00, 0.08, 2.16, 0.86, 18.00, 1.00, 14.13, 0.44, 28568.00, 0.00, 0.00, 0.00, 0.00
 182, 160, 711, 63, 54, 75, 1397.00, 69.00, 40.53, 1.41, 0.84, 1.67, 1.05, 2.63, 22.07, 30.61, 622.00, 0.10, 1.18, 0.77, 22.00, 2.00, 12.72, 0.41, 21350.00, 0.00, 0.00, 0.00, 0.00
 183, 58, 713, 143, 137, 149, 628.00, 64.00, 55.90, 0.00, 0.56, 0.00, 0.00, 1.34, 28.32, 48.14, 320.00, 0.00, 0.00, 1.01, 13.00, 2.00, 14.70, 0.63, 2927.00, 0.00, 0.00, 0.00, 0.00
 184, 304, 725, 36, 28, 45, 1060.00, 61.00, 42.69, 1.33, 0.75, 1.80, 1.46, 1.81, 20.32, 27.74, 505.00, 0.00, 2.95, 0.84, 18.00, 1.00, 10.10, 0.67, 16179.00, 0.00, 0.00, 0.00, 0.00
 185, 153, 726, 67, 61, 74, 727.00, 52.00, 37.66, 10.83, 0.58, 1.47, 1.64, 1.36, 15.52, 21.92, 351.00, 0.14, 0.59, 0.97, 14.00, 2.00, 7.96, 1.09, 9327.00, 0.00, 0.00, 0.00, 0.00
 186, 302, 727, 101, 96, 107, 405.00, 49.00, 36.64, 0.00, 0.53, 0.00, 0.00, 1.09, 14.08, 18.73, 232.00, 0.00, 0.00, 0.98, 12.00, 2.00, 6.80, 0.47, 2356.00, 0.00, 0.00, 0.00, 0.00
 187, 9, 729, 105, 99, 112, 603.00, 57.00, 40.79, 0.00, 0.53, 0.00, 0.00, 1.23, 18.49, 24.50, 302.00, 0.00, 0.00, 0.86, 14.00, 1.00, 8.21, 0.14, 5188.00, 0.00, 0.00, 0.00, 0.00
 188, 164, 733, 67, 56, 79, 2823.00, 61.00, 41.37, 0.98, 1.14, 2.19, 1.67, 2.86, 20.01, 26.40, 1118.00, 0.02, 0.98, 0.81, 24.00, 1.00, 11.99, 0.37, 113612.00, 0.00, 0.00, 0.00, 0.00
 189, 180, 736, 65, 58, 73, 698.00, 63.00, 45.13, 0.00, 0.64, 0.00, 0.00, 1.68, 22.18, 33.69, 360.00, 0.02, 0.00, 0.84, 16.00, 1.00, 11.41, 0.51, 5562.00, 0.00, 0.00, 0.00, 0.00
 190, 296, 738, 33, 25, 42, 962.00, 61.00, 41.62, 1.55, 0.75, 1.78, 1.61, 1.77, 19.87, 27.16, 471.00, 0.00, 1.57, 0.83, 18.00, 1.00, 10.97, 0.39, 11219.00, 0.00, 0.00, 0.00, 0.00
 191, 393, 740, 102, 94, 113, 1958.00, 63.00, 38.39, 1.12, 0.64, 1.11, 0.98, 1.71, 18.92, 31.56, 716.00, 0.00, 0.39, 0.81, 20.00, 1.00, 11.58, 0.37, 58312.00, 0.00, 0.00, 0.00, 0.00
 192, 310, 742, 104, 93, 113, 1441.00, 60.00, 41.33, 1.07, 0.93, 2.07, 1.40, 2.30, 19.37, 28.22, 658.00, 0.01, 1.96, 0.83, 21.00, 1.00, 10.62, 0.32, 26490.00, 0.00, 0.00, 0.00, 0.00
 193, 55, 748, 113, 108, 120, 467.00, 59.00, 50.02, 0.00, 0.61, 0.00, 0.00, 1.24, 23.36, 25.38, 271.00, 0.00, 0.00, 0.83, 13.00, 2.00, 11.68, -0.03, 1853.00, 0.00, 0.00, 0.00, 0.00
 194, 307, 761, 104, 95, 113, 1473.00, 57.00, 46.34, 1.07, 0.81, 1.27, 1.87, 1.52, 20.74, 25.84, 643.00, 0.00, 1.77, 0.84, 19.00, 1.00, 11.91, 0.64, 29382.00, 0.00, 0.00, 0.00, 0.00
 195, 406, 765, 146, 141, 149, 415.00, 55.00, 42.56, 0.00, 0.43, 0.00, 0.00, 0.79, 18.55, 18.14, 226.00, 0.00, 0.00, 0.88, 9.00, 1.00, 9.22, 0.43, 1257.00, 0.00, 0.00, 0.00, 0.00
 196, 95, 768, 115, 109, 122, 803.00, 49.00, 40.81, 1.53, 0.59, 1.51, 1.56, 1.12, 15.86, 23.03, 376.00, 0.08, 0.20, 0.94, 14.00, 1.00, 7.86, 0.30, 11525.00, 0.00, 0.00, 0.00, 0.00
 197, 393, 777, 145, 141, 149, 367.00, 54.00, 35.28, 0.00, 0.44, 0.00, 0.00, 0.81, 15.17, 19.37, 212.00, 0.00, 0.00, 0.90, 9.00, 1.00, 7.98, 0.66, 1333.00, 0.00, 0.00, 0.00, 0.00
 198, 93, 780, 114, 98, 127, 2501.00, 64.00, 39.44, 1.08, 1.30, 1.85, 1.59, 3.80, 19.72, 28.82, 1081.00, 0.03, 1.57, 0.78, 30.00, 2.00, 12.00, 0.22, 79775.00, 0.00, 0.00, 0.00, 0.00
 199, 104, 784, 102, 89, 116, 2613.00, 66.00, 46.08, 1.04, 1.16, 1.98, 1.54, 2.88, 23.76, 32.40, 1050.00, 0.07, 1.77, 0.77, 28.00, 1.00, 14.56, 0.43, 74349.00, 0.00, 0.00, 0.00, 0.00
 200, 13, 789, 129, 121, 138, 792.00, 59.00, 38.65, 0.00, 0.64, 0.00, 0.00, 1.98, 18.08, 31.77, 393.00, 0.00, 0.00, 0.88, 18.00, 2.00, 9.10, 0.35, 9075.00, 0.00, 0.00, 0.00, 0.00
 201, 30, 797, 141, 134, 149, 1058.00, 54.00, 41.42, 1.14, 0.88, 1.51, 2.75, 1.73, 17.67, 27.78, 526.00, 0.00, 2.95, 0.91, 16.00, 1.00, 8.78, 0.07, 15041.00, 0.00, 0.00, 0.00, 0.00
 202, 214, 799, 53, 45, 62, 1017.00, 59.00, 37.44, 1.85, 0.74, 1.86, 1.51, 1.82, 17.53, 29.15, 489.00, 0.06, 2.75, 0.86, 18.00, 1.00, 8.85, 0.19, 15509.00, 0.00, 0.00, 0.00, 0.00
 203, 397, 800, 145, 140, 149, 423.00, 51.00, 31.52, 0.00, 0.45, 0.00, 0.00, 0.79, 12.78, 20.79, 230.00, 0.00, 0.00, 0.93, 10.00, 1.00, 5.38, 0.24, 2498.00, 0.00, 0.00, 0.00, 0.00
 204, 225, 802, 53, 44, 63, 1106.00, 69.00, 47.80, 0.00, 0.69, 0.00, 0.00, 2.14, 26.08, 37.55, 498.00, 0.03, 0.00, 0.77, 20.00, 2.00, 16.82, 0.95, 11817.00, 0.00, 0.00, 0.00, 0.00
 205, 234, 813, 54, 46, 63, 1190.00, 61.00, 42.46, 1.14, 0.78, 1.69, 1.14, 1.94, 20.41, 31.65, 548.00, 0.00, 0.00, 0.85, 18.00, 1.00, 11.30, 0.65, 18708.00, 0.00, 0.00, 0.00, 0.00
 206, 214, 816, 55, 46, 64, 1190.00, 60.00, 35.15, 1.75, 0.66, 1.10, 0.93, 1.76, 16.70, 30.03, 516.00, 0.00, 0.39, 0.86, 19.00, 2.00, 8.90, 0.02, 23351.00, 0.00, 0.00, 0.00, 0.00
 207, 50, 818, 139, 134, 146, 387.00, 58.00, 36.90, 0.00, 0.75, 0.00, 0.00, 1.62, 16.85, 30.87, 250.00, 0.00, 0.00, 0.92, 13.00, 1.00, 8.09, 0.07, 1292.00, 0.00, 0.00, 0.00, 0.00
 208, 124, 820, 124, 113, 138, 1779.00, 63.00, 43.79, 1.40, 0.85, 1.45, 1.68, 2.60, 21.90, 27.54, 742.00, 0.03, 0.79, 0.76, 26.00, 2.00, 13.75, 0.41, 37760.00, 0.00, 0.00, 0.00, 0.00
 209, 395, 823, 103, 97, 111, 736.00, 58.00, 42.44, 1.64, 0.76, 2.39, 1.67, 1.71, 19.47, 24.39, 385.00, 0.00, 0.20, 0.84, 15.00, 1.00, 11.79, 0.68, 5135.00, 0.00, 0.00, 0.00, 0.00
 210, 5, 824, 119, 108, 131, 645.00, 75.00, 52.86, 0.00, 0.87, 0.00, 0.00, 3.33, 31.26, 41.49, 383.00, 0.00, 0.00, 0.85, 24.00, 2.00, 16.82, 0.86, 3191.00, 0.00, 0.00, 0.00, 0.00
 211, 114, 824, 133, 125, 139, 491.00, 52.00, 36.29, 0.00, 0.62, 0.00, 0.00, 1.65, 14.95, 21.18, 277.00, 0.05, 0.00, 0.93, 15.00, 2.00, 6.69, 0.02, 3528.00, 0.00, 0.00, 0.00, 0.00
